Row	stim	GroupCount	mean_syl_ons2ons_1	mean_syl_ons2ons_2	std_syl_ons2ons_1	std_syl_ons2ons_2	min_syl_ons2ons_1	min_syl_ons2ons_2	max_syl_ons2ons_1	max_syl_ons2ons_2	range_syl_ons2ons_1	range_syl_ons2ons_2
ghahseetoo	ghahseetoo	50	0.402773829984792	0.873244410241058	0.0163738343524205	0.0314451355352029	0.374360224595875	0.841105634994165	0.434393558003649	0.941205634997459	0.0600333334077732	0.100100000003295
ghahsootee	ghahsootee	101	0.405742825613166	0.865057363121237	0.0168715914059445	0.0296677239144061	0.380653822394379	0.833791376993759	0.440753822302213	0.933891377004329	0.060099999907834	0.100100000010571
ghahsoovah	ghahsoovah	55	0.407540859313805	0.871303364923757	0.0174774866653422	0.033065208695981	0.380687155586202	0.837633553703199	0.440753822302213	0.93776688700018	0.0600666667160112	0.100133333296981
ghahsoovee	ghahsoovee	45	0.406160964640332	0.869328673515652	0.0140182374067	0.0255884283097273	0.380587157400441	0.840619577000325	0.440720484002668	0.940752907001297	0.0601333266022266	0.100133330000972
ghahtahvoo	ghahtahvoo	57	0.401636704180674	0.858093622226877	0.0176275065443077	0.0310485184755136	0.376774716001819	0.828259704299853	0.43687471600424	0.928326371002186	0.0601000000024214	0.100066666702332
ghahteesoo	ghahteesoo	98	0.400577835104059	0.870882137247404	0.0207010195125553	0.0288650995732854	0.370724710301147	0.83462048900401	0.533824710299086	0.940720489001251	0.163099999997939	0.106099999997241
ghahteevee	ghahteevee	56	0.400149558692779	0.875092310694427	0.0203494312706524	0.0338247232606506	0.373858043603832	0.840619583701482	0.493824710298213	0.980686250302824	0.119966666694381	0.140066666601342
ghahteevoo	ghahteevoo	62	0.400336932499579	0.858594148669395	0.0169484151896022	0.0325571602233525	0.373791377001908	0.819659704298829	0.433924710298015	0.928293040997232	0.0601333332961076	0.108633336698404
ghahtoosee	ghahtoosee	158	0.407558323067035	0.865757858883621	0.0178727174178159	0.030896671786532	0.381105634995038	0.834260224699392	0.481138968396408	0.934393561299657	0.10003333340137	0.100133336600265
ghahtoovee	ghahtoovee	50	0.406805634867142	0.873562250066734	0.0168794889501887	0.0314949632907692	0.381072299998777	0.840586247002648	0.441205635004735	0.940752917005739	0.0601333350059576	0.100166670003091
ghahveesoo	ghahveesoo	58	0.407412440746843	0.874214536497813	0.0173358143486116	0.0330263247727748	0.380719581997255	0.840620488997956	0.440752918599173	0.940720489001251	0.0600333366019186	0.100100000003295
ghahveetoo	ghahveetoo	36	0.402943657639803	0.866721321074639	0.012221740147526	0.0198884832769225	0.380686250304279	0.841138968302403	0.44075291199988	0.941205625000293	0.0600666616956005	0.100066656697891
ghahveevah	ghahveevah	56	0.407637159365959	0.872155775830307	0.0177319688201865	0.0325551610944679	0.380686250297003	0.837666886989609	0.440752918701037	0.93776688700018	0.0600666684040334	0.100100000010571
ghahvooghoo	ghahvooghoo	42	0.388709166593476	0.915623001413969	0.0197198731620443	0.0332184135480954	0.359726371003489	0.882544298001449	0.428326371002186	0.982610964696505	0.0685999999986961	0.100066666695056
ghahvoosee	ghahvoosee	36	0.389517799523518	0.861184986482736	0.0145765032604274	0.0215392377223083	0.359759701001167	0.834293551299197	0.428293032702641	0.93439354810107	0.0685333317014738	0.100099996801873
ghahvoovee	ghahvoovee	37	0.388932677221149	0.863121385295263	0.0140501231084826	0.0223009752003736	0.368193037698802	0.840619583701482	0.428293032695365	0.940719573700335	0.0600999949965626	0.100099989998853
gheeghahsah	gheeghahsah	47	0.492469001080874	0.891343000101049	0.0179663394629331	0.0313131733199832	0.463866827296442	0.861877782997908	0.527033493999625	0.961977783001203	0.0631666667031823	0.100100000003295
gheeghahvah	gheeghahvah	63	0.49230016047146	0.898287265863652	0.0172104468326194	0.0348623417018722	0.46386682730008	0.864667044399539	0.527033493999625	1.04473371430504	0.0631666666995443	0.1800666699055
gheeghoosah	gheeghoosah	61	0.477669628559759	0.896958054761816	0.0166776777242858	0.0310934911504586	0.449611125302908	0.861877783005184	0.509677792004368	0.961977783001203	0.0600666667014593	0.100099999996019
gheesahtoo	gheesahtoo	56	0.427996301460566	0.907877400481451	0.0191000365785433	0.038710707395963	0.381977782999456	0.868139129001065	0.461977783001203	1.03817246230028	0.0800000000017462	0.170033333299216
gheesahvoo	gheesahvoo	106	0.428927129309012	0.887041564154058	0.0178481259066166	0.0359535923354713	0.401911116299743	0.846659864997491	0.47197778300324	1.00665986500098	0.0700666667034966	0.160000000003492
gheeseeghah	gheeseeghah	37	0.423889088944735	0.950299234550382	0.0131741465903546	0.0221735105894526	0.391393718600739	0.916966827295255	0.46142704700469	1.0270001507015	0.0700333284039516	0.110033323406242
gheeseetoo	gheeseetoo	57	0.42821856700175	0.899468219605081	0.0170223604006856	0.0290209873335843	0.401393717002065	0.868139129001065	0.481327052002598	0.968205795703398	0.0799333350005327	0.100066666702332
gheesootee	gheesootee	52	0.432953316193016	0.891118988384956	0.0167328272771005	0.031417629081948	0.407653982998454	0.860791537699697	0.467753983000875	0.960891537702992	0.0601000000024214	0.100100000003295
gheetahsoo	gheetahsoo	56	0.43369063417741	0.90478125560168	0.0230539616161588	0.0338269839455463	0.403808209994168	0.867653982990305	0.543841543301824	0.987687316301162	0.140033333307656	0.120033333310857
gheetahtee	gheetahtee	38	0.425495597302133	0.887883429381406	0.0140437610013702	0.0266576201061224	0.403808209994168	0.860791537699697	0.463908204998006	0.960924860999512	0.0600999950038386	0.100133323299815
gheetahvoo	gheetahvoo	35	0.425995078621561	0.879270976006162	0.0129361562975196	0.0231396759245782	0.403841543302406	0.855226531697554	0.463908204998006	0.955326521703682	0.0600666616956005	0.100099990006129
gheetoovah	gheetoovah	42	0.431444128658859	0.894979242129477	0.0130873762940709	0.0320549988948209	0.408139129001938	0.86470038099651	0.468205790697539	1.024700381	0.0600666616956005	0.160000000003492
gheevahsoo	gheevahsoo	44	0.429058520377429	0.898142077914664	0.0174497147612768	0.0296741608810848	0.404767047701171	0.867653982997581	0.464800380999804	0.967753983000875	0.0600333332986338	0.100100000003295
gheevahtoo	gheevahtoo	56	0.434406553807546	0.903990037966307	0.0224786674750183	0.0349546405043522	0.404733714400209	0.868139129001065	0.524700381000002	0.968239128997084	0.119966666599794	0.100099999996019
gheeveevah	gheeveevah	45	0.431169743810063	0.895419319334492	0.0142934969388655	0.0260113476119606	0.407753077699454	0.864700381003786	0.46778640600678	0.964767037701677	0.0600333283073269	0.100066656697891
gheevooghah	gheevooghah	54	0.42326949451987	0.961439419708687	0.0234978106115357	0.0317846370416017	0.386726531694876	0.926966827406432	0.515359865006758	1.02700016070594	0.128633333311882	0.100033333299507
gheevoosah	gheevoosah	103	0.420059089714675	0.895388127644119	0.0190643205376912	0.0331246323205104	0.386726531702152	0.861877782997908	0.455359866697108	0.961977783001203	0.0686333349949564	0.100100000003295
gheevootah	gheevootah	57	0.420793198195826	0.896381820830963	0.0172144039304718	0.0327247415205199	0.395259864999389	0.863774876699608	0.455326531700848	0.963874876695627	0.0600666667014593	0.100099999996019
ghoogheeghah	ghoogheeghah	55	0.458315541293081	0.952493356194547	0.019380308266838	0.0352290633007998	0.430255541301449	0.917222368698276	0.49035554130387	1.03718903529807	0.0601000000024214	0.119966666599794
ghoosahtee	ghoosahtee	202	0.418604536303428	0.883627745380758	0.0172472357773288	0.0299771201531455	0.392199991001689	0.851147078894428	0.512266657693544	0.971147078998911	0.120066666691855	0.120000000104483
ghoosahvee	ghoosahvee	49	0.416274990856399	0.885455557505143	0.0186955305357636	0.0310753169901806	0.392199991001689	0.858008618997701	0.45233332439966	0.958108619000996	0.060133333397971	0.100100000003295
ghoosahvoo	ghoosahvoo	63	0.421666657479006	0.878395187378716	0.023932843631799	0.0289243185803056	0.392233324302651	0.845648739697936	0.562166657698981	0.945682072997442	0.16993333339633	0.100033333299507
ghooseetah	ghooseetah	104	0.418562204728551	0.886589317159914	0.019532516571562	0.0360648163357559	0.371682593300648	0.834163751300366	0.511682593300065	1.08416375130037	0.139999999999418	0.25
ghootahsee	ghootahsee	59	0.41986827104413	0.885981443783402	0.0177792580156727	0.0325406775474268	0.394163751298038	0.851649259995611	0.454263751300459	0.951782593299868	0.0601000000024214	0.100133333304257
ghooteesah	ghooteesah	91	0.415035967667043	0.881652425004028	0.0159783103593701	0.0293999953236613	0.391147075701156	0.852166651005973	0.451280412402411	0.95233332439966	0.0601333367012558	0.100166673393687
ghoovahsee	ghoovahsee	89	0.420053675027396	0.882180320375989	0.0181977587308779	0.0282167986533208	0.381789255698095	0.851615929997934	0.495055922401662	0.951782593299868	0.113266666703566	0.100166663301934
ghoovahtee	ghoovahtee	63	0.41988978460162	0.881588348516021	0.0158057196207919	0.0291022402855477	0.395055922301253	0.851147078996291	0.455155922303675	0.951247079006862	0.0601000000024214	0.100100000010571
ghooveesah	ghooveesah	146	0.424202911128713	0.881608787066423	0.0187648174956154	0.0281097698267792	0.397975285603025	0.852166651005973	0.558075285596715	0.952299991004111	0.16009999999369	0.100133339998138
ghooveetah	ghooveetah	115	0.42335423295022	0.884260242385703	0.017859655240381	0.0332474249848039	0.374641952294041	0.817730417998973	0.458141952301958	0.974130417998822	0.0835000000079162	0.156399999999849
sahgheevoo	sahgheevoo	55	0.507313883631286	0.924486402861375	0.0188502931554849	0.0346985053634175	0.477988883700164	0.884715415297251	0.538022216998797	0.99334875200293	0.0600333332986338	0.10863333670568
sahghootah	sahghootah	47	0.514382987573096	0.935687164297827	0.0176146580237911	0.0318655805303265	0.487633342301706	0.901830426999368	0.547700008995889	1.0018970937017	0.0600666666941834	0.100066666702332
sahghootee	sahghootee	59	0.513561997134514	0.9308406548981	0.0173766416188027	0.0326652377778396	0.487633342301706	0.898847087999457	0.547700008995889	1.01888042130304	0.0600666666941834	0.120033333303581
sahghoovee	sahghoovee	60	0.514620123772053	0.938780466736277	0.0182784366104501	0.0302333677673666	0.467733342404244	0.885708628004068	0.567633342303452	1.0057752947032	0.0998999998992076	0.120066666699131
sahseevah	sahseevah	47	0.463582602193296	0.933274771624205	0.0170293197692885	0.0307759099494921	0.439415934000863	0.902722594699298	0.499449269002071	1.00278926469764	0.0600333350012079	0.100066669998341
sahsootee	sahsootee	36	0.469975189849113	0.927160421240218	0.0106285717191645	0.0260707104107239	0.46567619999405	0.898880421300419	0.50577619500109	1.01891375469859	0.04009999500704	0.120033333398169
sahteeghoo	sahteeghoo	152	0.462939929072887	0.977766675486978	0.0162267543871013	0.0329250272368776	0.435747087998607	0.941700008996122	0.498947089705325	1.14756667560141	0.0632000017067185	0.205866666605289
sahtooghee	sahtooghee	41	0.469049379850334	0.967969716330026	0.0163789423804621	0.0332002679235093	0.416228012698411	0.907955550304905	0.506261341004574	1.09788888360345	0.0900333283061627	0.189933333298541
sahtoovee	sahtoovee	109	0.47209498505552	0.939868566658448	0.017831554475118	0.0354515851356007	0.426228012700449	0.905708628000866	0.506261346003157	1.10570862799796	0.0800333333027083	0.19999999999709
sahvahghoo	sahvahghoo	62	0.472112597965562	0.984487987041791	0.0239807364880337	0.0462047318612661	0.442755931399006	0.947600008999871	0.602789264601597	1.24760000900278	0.160033333202591	0.30000000000291
sahveeghoo	sahveeghoo	56	0.473106842234977	0.979061318414412	0.0178427458505775	0.0332275596800262	0.445708628001739	0.947600008999871	0.505808629699459	1.04770000899589	0.0601000016977196	0.100099999996019
sahveesoo	sahveesoo	88	0.468181246962212	0.935255468085393	0.0183579191172515	0.0353700401451853	0.405841961299302	0.865742866604705	0.505808628004161	1.08567619999667	0.0999666667048587	0.219933333391964
sahveetoo	sahveetoo	54	0.472443195778295	0.938012580320707	0.0169012572334626	0.0296790800407892	0.445741961295425	0.906161345999863	0.505808628004161	1.00626134600316	0.0600666667087353	0.100100000003295
sahvooghee	sahvooghee	89	0.455693445552341	0.968064208132818	0.0169805279398157	0.0286383822464459	0.424715415298124	0.937922216995503	0.493382082000608	1.0380222169988	0.0686666667024838	0.100100000003295
sahvoosee	sahvoosee	54	0.461806440833383	0.931540294373358	0.0284663468841194	0.0297301129751577	0.433315415299148	0.899349268998776	0.593315415397228	0.999449269002071	0.16000000009808	0.100100000003295
seeghahtoo	seeghahtoo	59	0.529516383470157	0.937955936536399	0.0191015863458017	0.034830700967767	0.505506442001206	0.906712073701783	0.565606443698925	1.0068120802971	0.0601000016977196	0.100100006595312
seeghahvah	seeghahvah	48	0.531147576613256	0.93444779680777	0.0154745938968983	0.0298893097660449	0.50560644199868	0.903273329000513	0.565606441996351	1.00333999570285	0.0599999999976717	0.100066666702332
seeghahvoo	seeghahvoo	98	0.531032558525862	0.921062709293559	0.0162335546147925	0.029652686143199	0.50550644199393	0.885232809698209	0.565606441996351	0.993899479704851	0.0601000000024214	0.108666670006642
seegheetoo	seegheetoo	56	0.505080495018705	0.93882689151077	0.0155732576475058	0.0297093345877845	0.478539614698093	0.906712076997792	0.538572948004003	1.00677874370012	0.0600333333059098	0.100066666702332
seeghootah	seeghootah	104	0.514496573104575	0.931514170363453	0.0173978545127263	0.0278909616046191	0.488184073299635	0.902347824696335	0.588250740001968	1.00244782469963	0.100066666702332	0.100100000003295
seesahtee	seesahtee	54	0.463319284340896	0.929577692973178	0.0173355303768829	0.0311358550350557	0.440517397597432	0.899397818997386	0.500550730997929	0.99949781900068	0.0600333334004972	0.100100000003295
seesooghah	seesooghah	58	0.473691811901935	0.999215798606498	0.0171420276775066	0.0318568831587702	0.446260264398006	0.965506441993057	0.506326932700176	1.06557311199867	0.06006666830217	0.100066670005617
seesooghoo	seesooghoo	47	0.471661745662883	0.977384797684428	0.0169498561835475	0.0312056742547065	0.446260264296143	0.9481507399978	0.506326931004878	1.04821740670013	0.0600666667087353	0.100066666702332
seetahghoo	seetahghoo	60	0.468782852781553	0.979845654980035	0.0159505419604406	0.029537848303567	0.442447822999384	0.948150736701791	0.502481158000592	1.04821740670013	0.0600333350012079	0.100066669998341
seetahvoo	seetahvoo	57	0.46738591977867	0.927368527045668	0.0172095198645363	0.040520048654975	0.442414491299132	0.865266146298381	0.502481158000592	1.1237661464038	0.0600666667014593	0.258500000105414
seeteetah	seeteetah	51	0.468713608349701	0.938294315638933	0.0175854135520689	0.0341958495959991	0.439464487404621	0.90244782800437	0.49949781900068	1.00244782469963	0.0600333315960597	0.0999999966952601
seetooghah	seetooghah	61	0.473997632390334	0.997301523701443	0.0156865500092321	0.0289634425014828	0.446745408698916	0.965473108699371	0.506778743700124	1.06557310870267	0.0600333350012079	0.100100000003295
seetoovah	seetoovah	56	0.47284898170143	0.939137571355299	0.0170264818330592	0.0399435029965607	0.446778743600589	0.903273329000513	0.506812077001086	1.10333999570139	0.0600333334004972	0.200066666700877
seevahghee	seevahghee	56	0.47112579810766	0.972409367633759	0.0170086803712275	0.032593017964633	0.443306662302348	0.938506281308946	0.503373330699105	1.03853961799905	0.0600666683967574	0.100033336690103
seevahghoo	seevahghoo	39	0.474402276065839	0.974135424053915	0.0323560517307597	0.0271215868806214	0.443339995705173	0.948184073298762	0.603273328997602	1.04821738669852	0.159933333292429	0.100033313399763
seevahtoo	seevahtoo	45	0.466980904222344	0.933024479009091	0.0172631884363246	0.028371981051098	0.443273325698101	0.906712076997792	0.503339995702845	1.00677873369568	0.0600666700047441	0.100066656697891
seeveeghoo	seeveeghoo	56	0.469613298334676	0.982551952003138	0.021172618621067	0.0350076114822443	0.38639269239502	0.9481507399978	0.506359360697388	1.06821740669693	0.119966668302368	0.120066666699131
seevooghah	seevooghah	41	0.456445007788538	0.991889368173583	0.0174980033830954	0.0243685437131901	0.425332812999841	0.965506435299176	0.513899479701649	1.06557308870106	0.0885666667018086	0.100066653401882
sooghahtah	sooghahtah	37	0.518969034723601	0.920084702989594	0.0144507509532466	0.0217243166276104	0.499212844406429	0.896054227006971	0.559246172699204	0.996120883697586	0.060033328292775	0.100066656690615
sooghahtee	sooghahtee	57	0.52609915371035	0.927326840083554	0.0170407009476896	0.0335699084770622	0.496146177698392	0.893070887999784	0.559279510998749	1.0330708879992	0.0631333333003568	0.139999999999418
sooghahvee	sooghahvee	107	0.525666565868611	0.932393004634964	0.0162682418601062	0.0311997248270614	0.49921284429729	0.899932428001193	0.559279510998749	1.01999909459846	0.0600666667014593	0.120066666597268
sooghahvoo	sooghahvoo	40	0.521141672796984	0.908996872264971	0.0159574868945051	0.0262642550740792	0.479246177696041	0.867539215294528	0.559246172597341	0.987572528596502	0.0799999949012999	0.120033313301974
soogheetah	soogheetah	58	0.501421455532951	0.92918123837418	0.0235150042003991	0.0326257740088745	0.472179350399529	0.896054226999695	0.612246017000871	0.996120896998036	0.140066666601342	0.100066669998341
sootahghee	sootahghee	109	0.462987560240169	0.96510796649684	0.0203259949147912	0.032985767086014	0.43608756030153	0.932146017003106	0.565054227001383	1.04811268360208	0.128966666699853	0.115966666598979
sootahvee	sootahvee	42	0.460372560002452	0.930224094005098	0.0141157978107786	0.0249656448410787	0.436087557005521	0.899965764700028	0.496120888703445	0.999999084699084	0.0600333316979231	0.100033319999056
sooteeghah	sooteeghah	164	0.458179063982793	0.989937949584979	0.0166574324521526	0.0307842446486613	0.429970887998934	0.959112844400806	0.493170889698376	1.05924618100107	0.0632000016994425	0.100133336600265
sooteeghee	sooteeghee	37	0.453992792674814	0.958187921586276	0.0138008444799706	0.0270242034488754	0.433104221403482	0.932112683702144	0.493137549703533	1.05211268370476	0.0600333283000509	0.120000000002619
sooteevah	sooteevah	48	0.460839682189467	0.928554199134164	0.0166694483152595	0.0302225796031085	0.433104219700908	0.89694639800291	0.493170888003078	0.997013064697967	0.06006666830217	0.100066666695056
soovahghee	soovahghee	121	0.463135193407477	0.964522570416873	0.016724519053128	0.0310701054563872	0.436979731399333	0.93214601699583	0.497046399694227	1.03221268699417	0.060066668294894	0.100066669998341
soovahtee	soovahtee	45	0.460275079635362	0.918915848160649	0.0156928497349632	0.0278908291692701	0.417013064696221	0.873104221296671	0.497046388001763	0.993170868001471	0.0800333233055426	0.120066646704799
sooveetah	sooveetah	63	0.46619748158305	0.928311753497016	0.0155366462895526	0.0292827678195643	0.439965761295753	0.896054226999695	0.500032428004488	0.996120893702027	0.0600666667087353	0.100066666702332
soovooghee	soovooghee	46	0.447919955925833	0.964170183337353	0.0190914248207902	0.0340886077542243	0.418939215305727	0.932146013597958	0.487605882000935	1.03224601699912	0.0686666666952078	0.100100003401167
soovoovee	soovoovee	58	0.450458755503371	0.931344496843132	0.0196105594606293	0.0326266398625453	0.418939215298451	0.899932428001193	0.487605883696233	0.999999097999535	0.0686666683977819	0.100066669998341
tahgheevoo	tahgheevoo	98	0.501769426919241	0.919298046371723	0.0178826429845879	0.0308279989156264	0.47599179000099	0.88271832169994	0.536091791698709	0.991451654997945	0.0601000016977196	0.108733333298005
tahghoosee	tahghoosee	53	0.51140543092915	0.929535508400923	0.0172226941321531	0.0300505954032401	0.485736246999295	0.897452175297076	0.545769582000503	0.997518842006684	0.0600333350012079	0.100066666709608
tahghoovee	tahghoovee	96	0.511257429053183	0.938407020097027	0.0158190533040071	0.0334660056079444	0.485636248704395	0.903778204301489	0.545769581993227	1.08374486760295	0.0601333332888316	0.179966663301457
tahseeghoo	tahseeghoo	102	0.462519822182145	0.975267931374048	0.0147195258201845	0.0288971264128349	0.437452175305225	0.945636245400237	0.497518841999408	1.0656695820071	0.0600666666941834	0.120033336606866
tahseevee	tahseevee	62	0.463036874735736	0.937816372931776	0.018371698029963	0.0325991169055058	0.43431884200254	0.903811531003157	0.497518843600119	1.02377820100082	0.0632000015975791	0.119966669997666
tahseevoo	tahseevoo	56	0.46286793278943	0.920733753448682	0.0178926495895492	0.0307431047081781	0.437485508700775	0.882784988301864	0.517485508702521	0.991451654997945	0.0800000000017462	0.108666666696081
tahsooghee	tahsooghee	59	0.468480275740468	0.966426313451783	0.017464893313698	0.0308287508727238	0.443779106295551	0.935958453294006	0.503879106297973	1.03609179000341	0.0601000000024214	0.100133336709405
tahsootee	tahsootee	38	0.467141143276826	0.929579818720748	0.0137312546607518	0.0323558278515162	0.443779102999542	0.90691666429484	0.503845767998428	1.07691666099709	0.0600666649988852	0.169999996702245
tahsoovee	tahsoovee	56	0.471668987226918	0.938820462782532	0.0167137021662019	0.0318065599312828	0.443779106397415	0.903778200998204	0.503845774706861	1.00387820099422	0.060066668309446	0.100099999996019
tahteetoo	tahteetoo	49	0.462937749306316	0.936387381319306	0.0169522773545413	0.0313649886767926	0.436949994298629	0.904230922300485	0.497049994301051	1.00433091900049	0.0601000000024214	0.10009999670001
tahvahsoo	tahvahsoo	46	0.467050141865852	0.934198365291569	0.0170098308991753	0.0316503990632198	0.440858836002008	0.90374576960312	0.500892171003215	1.00384577300429	0.0600333350012079	0.100100003401167
tahveetoo	tahveetoo	48	0.468461534197445	0.934955918718723	0.0168718953208487	0.0297393871563268	0.443778199296503	0.904230915599328	0.503878201001498	1.00433091900049	0.0601000017049955	0.100100003401167
tahvooghee	tahvooghee	63	0.456328374415736	0.969039866528804	0.0161812235377375	0.0312555121872658	0.431418321597448	0.935958456604567	0.491451654997945	1.03605845670245	0.0600333334004972	0.100100000097882
tahvoosee	tahvoosee	118	0.454592172143628	0.930335073681382	0.018907140432746	0.0331580723151275	0.402884988303413	0.877485508593963	0.491451656700519	1.03741884200281	0.0885666683971067	0.159933333408844
tahvoosoo	tahvoosoo	41	0.4507898660563	0.928895344966944	0.0151918834064367	0.0256521421894522	0.4228183216037	0.903745772993716	0.491451644993504	1.00384576299984	0.068633323389804	0.100099990006129
tahvoovah	tahvoovah	53	0.452528384434126	0.933238711622886	0.0190176892807451	0.0322630829440375	0.408551655003976	0.900758837597095	0.491451655005221	1.00085883770225	0.0829000000012456	0.100100000105158
teeghahsoo	teeghahsoo	115	0.532185408608397	0.940978661308953	0.0169775621876658	0.0307188116134835	0.486041956399276	0.886729111996829	0.566108623002947	1.0068291120042	0.0800666666036705	0.120100000007369
teeghahtoo	teeghahtoo	35	0.528728230806283	0.939746549572419	0.0121373391642069	0.0434058921848641	0.506008623000525	0.907180924696149	0.566075284703402	1.1472475913979	0.0600666617028764	0.24006666670175
teeghahvoo	teeghahvoo	48	0.532767488106933	0.922747493725581	0.0165333994411431	0.0337134587292208	0.506075289697037	0.885768323998491	0.566108623002947	0.994401660696894	0.0600333333059098	0.108633336698404
teegheetoo	teegheetoo	39	0.504328832333259	0.934671400099926	0.0148237959245361	0.0253715987512489	0.479041797298123	0.907214257997111	0.539075123997463	1.00728091470228	0.0600333266993403	0.100066656705167
teeghoosah	teeghoosah	94	0.513289152669813	0.929322508629002	0.0167166343790106	0.0288712061962335	0.488686254298955	0.89098624199687	0.548752911003248	1.00101957870356	0.0600666567042936	0.110033336706692
teeghoovah	teeghoovah	51	0.513742254193949	0.934475509735082	0.0184170611118257	0.0320074437500782	0.468752920998668	0.883775510003034	0.548752921000414	1.00384217670216	0.0800000000017462	0.120066666699131
teeghoovoo	teeghoovoo	59	0.514997587590387	0.927818667393142	0.0179083630901806	0.0356909202383065	0.488419585999509	0.885768327301776	0.548752921000414	0.994434993997857	0.0603333350009052	0.108666666696081
teesahghoo	teesahghoo	96	0.466083814657168	0.976436254096598	0.0165817865920622	0.0273919320127765	0.420986245298991	0.928652921000321	0.501052911997249	1.04871958769945	0.0800666666982579	0.120066666699131
teesooghah	teesooghah	100	0.472670083977353	0.996321753880197	0.0158249117483797	0.0272053896491497	0.406829111998377	0.926075289702567	0.506829112004198	1.06607528970198	0.100000000005821	0.139999999999418
teesoovah	teesoovah	119	0.472168428109541	0.936343600974433	0.0167192645742559	0.034299558452776	0.426762445298664	0.883775509995758	0.506829113604908	1.04374217670556	0.0800666683062445	0.159966666709806
teevahghah	teevahghah	48	0.470819954306743	0.998534317164844	0.0165186911380351	0.0313524653524654	0.443842176704493	0.966041956300614	0.503875510003127	1.06607528970198	0.0600333332986338	0.10003333340137
teevahsoo	teevahsoo	106	0.46940211243078	0.935654354427781	0.0169315975891458	0.0314671875583044	0.42387551000138	0.886762445297791	0.503875510003127	1.0068291120042	0.0800000000017462	0.120066666706407
teevoosah	teevoosah	55	0.458687463073802	0.936728220528513	0.0193849417066687	0.0325014837402423	0.425834994006436	0.90095291200123	0.494434995700431	1.00105291200452	0.0686000016939943	0.100100000003295
teevoosoo	teevoosoo	59	0.457915784900145	0.940312162737324	0.0189059624043354	0.0375872588873695	0.42583499399916	0.906695778699941	0.494434993997857	1.08669577870023	0.0685999999986961	0.180000000000291
tooghahsee	tooghahsee	56	0.524403455847236	0.926883756213081	0.0180289725624262	0.0323484891690033	0.49866103160457	0.893054589600069	0.558761033302289	0.993187922998914	0.0601000016977196	0.100133333398844
toogheesah	toogheesah	54	0.496164792429458	0.922437371692607	0.0167173783429716	0.0311155209794935	0.471660871000495	0.867238653998356	0.531760871002916	0.993705320703157	0.0601000000024214	0.1264666667048
toogheevah	toogheevah	152	0.497883245339547	0.926950521248708	0.0162588477216714	0.030928377299753	0.471694204301457	0.896461251999426	0.531760872698214	1.03642791860329	0.0600666683967574	0.139966666603868
toogheevoo	toogheevoo	39	0.493298370891125	0.907990105192152	0.0148328498007572	0.0238639053896364	0.471727537697006	0.87845406930137	0.531760866004333	0.987087392699323	0.0600333283073269	0.108633323397953
toosahtee	toosahtee	59	0.460051083317687	0.924975572393389	0.0184946550043631	0.0319053772744947	0.430605320703762	0.892552408695337	0.493738655699417	0.992685741999594	0.0631333349956549	0.100133333304257
toosahvoo	toosahvoo	46	0.457809024217931	0.914241750202831	0.0171650400488363	0.0323999798045511	0.433671987397247	0.878454069403233	0.493738653996843	0.987087402703764	0.0600666665995959	0.108633333300531
tooseeghah	tooseeghah	93	0.459398784083926	0.989408379472877	0.0204980054802703	0.0294828512378302	0.433121256297454	0.958694364999246	0.57315458960511	1.05876103170158	0.140033333307656	0.100066666702332
tooseetee	tooseetee	56	0.460075224548017	0.925486337119597	0.0203080638648308	0.0344831248850142	0.433121256297454	0.872619075300463	0.493187924701488	0.992685745302879	0.0600666684040334	0.120066670002416
tooseevah	tooseevah	56	0.460870021599543	0.933584708473939	0.0173873816264293	0.0355481919884497	0.443154589698679	0.896461251999426	0.533121256303275	1.05649458530388	0.089966666604596	0.160033333304455
tootahvah	tootahvah	39	0.459636699719912	0.921923156108616	0.0149893181756931	0.0252535965361468	0.43556908100436	0.896427918698464	0.495669076000922	0.996527908704593	0.0600999949965626	0.100099990006129
tootahvee	tootahvee	90	0.460205444406427	0.928731372453683	0.0160619601615671	0.0325609033377868	0.432502414296323	0.89941394860216	0.495669080999505	1.07948061540083	0.0631666667031823	0.180066666798666
toovahghee	toovahghee	56	0.462358221659422	0.965534810271792	0.0177067102911633	0.0325254596469183	0.436494585403125	0.931694204300584	0.496561253603431	1.0317608743062	0.0600666682003066	0.100066670005617
toovahvee	toovahvee	63	0.461598348585774	0.928312873024908	0.0163533458499107	0.0305342921412523	0.436527918704087	0.899447275303828	0.496561252002721	0.999547282001004	0.0600333332986338	0.100100006697176
tooveeghah	tooveeghah	109	0.464706471878378	0.990627698026787	0.0169750905331943	0.0303880968425066	0.439480615299544	0.958694364999246	0.499547282001004	1.05879436500254	0.0600666667014593	0.100100000003295
tooveeghee	tooveeghee	42	0.464018826560721	0.960936703998868	0.0163901674727961	0.0311168591466285	0.439580613696307	0.931694204402447	0.499547282001004	1.03176087100292	0.0599666683046962	0.100066666600469
vahgheesoo	vahgheesoo	54	0.49835182013154	0.933219010553467	0.0181450053531331	0.0306405010233894	0.475099618997774	0.902853601997776	0.535199619000196	1.00295360200107	0.0601000000024214	0.100100000003295
vahgheetoo	vahgheetoo	98	0.499536143695307	0.933698747754002	0.0170991962830783	0.0304147697740899	0.4551662856029	0.883372081305424	0.535199619000196	1.00343874800456	0.0800333333972958	0.120066666699131
vahgheevoo	vahgheevoo	53	0.50088614368097	0.919949227327528	0.0184900478413512	0.0317776710324415	0.475066285704088	0.881826150704001	0.535199619000196	0.990559484002006	0.0601333332961076	0.108733333298005
vahghoosee	vahghoosee	156	0.510298055948341	0.926923856717224	0.0165526514047948	0.0308124190510591	0.484777407698857	0.850226670998381	0.544877412597998	0.996626674299478	0.0601000048991409	0.146400003301096
vahghootee	vahghootee	58	0.510419939668455	0.927417018617118	0.018347879322299	0.0329383917110391	0.484777411002142	0.895991156699893	0.544877412699861	0.996124493300158	0.0601000016977196	0.100133336600265
vahseetah	vahseetah	62	0.461008638159939	0.929826954572021	0.0185866157936166	0.0319937331750196	0.436560004302009	0.889007828998729	0.496660004297155	0.99910782900406	0.0600999999951455	0.110100000005332
vahseetee	vahseetee	53	0.465331670868886	0.925828263328674	0.0178897663374686	0.0309286743750486	0.436593337704835	0.896024490000855	0.496626671003469	0.996124490004149	0.0600333332986338	0.100100000003295
vahseetoo	vahseetoo	41	0.459093337338163	0.928895764846809	0.0154991394098938	0.024361734818078	0.436560004302009	0.903338748001261	0.496626671003469	1.00343872800295	0.0600666667014593	0.100099980001687
vahsooghah	vahsooghah	58	0.469140151673198	0.994516749300394	0.0194223300462572	0.0344078021133018	0.44285360199865	0.95216644629545	0.522886935301358	1.06223311639769	0.0800333333027083	0.110066670102242
vahsooghee	vahsooghee	63	0.468612203966439	0.967541695121148	0.0168519015149266	0.0319191769680107	0.422853602001851	0.915066285706416	0.502953602001071	1.05513295240235	0.08009999999922	0.14006666669593
vahteesoo	vahteesoo	36	0.464143934342347	0.930236935135968	0.0285698208242185	0.0239152355617693	0.436024490001728	0.902886931995454	0.596091156599869	1.00295359200391	0.160066666598141	0.100066660008451
vahteevoo	vahteevoo	63	0.458825548044034	0.918063247065631	0.0172958257959028	0.0308244221667116	0.416057823400479	0.8619261506974	0.496124490004149	0.990526150701044	0.0800666666036705	0.128600000003644
vahtooghee	vahtooghee	37	0.466261605046332	0.959863507711008	0.0127362235076421	0.0213227916748702	0.443438747999608	0.934999622404575	0.503438743005972	1.03519960900303	0.0599999950063648	0.100199986598454
vahtoosee	vahtoosee	152	0.468019700119459	0.926762688409073	0.0171885306443389	0.0293484041223394	0.403338747993985	0.856493337596476	0.503438748004555	0.996626671003469	0.100100000010571	0.140133333406993
vahtootee	vahtootee	57	0.472307168992072	0.934210454792907	0.0182987342116552	0.0451047949008364	0.443372081303096	0.895991156699893	0.523372081304842	1.15605782330385	0.0800000000017462	0.260066666603961
veeghahsoo	veeghahsoo	104	0.52551503145485	0.932148617228072	0.0158863066053146	0.0289646304477421	0.499180416300078	0.899867571999494	0.559247084696835	0.99996757540066	0.0600666683967574	0.100100003401167
veeghahtoo	veeghahtoo	119	0.525568165511607	0.932663543955836	0.0163090300666724	0.0308432648705521	0.499147082999116	0.900352711301821	0.559447083003761	1.00061938470026	0.060300000004645	0.100266673398437
veeghoosah	veeghoosah	96	0.50852089471377	0.928500399432926	0.0154741552868646	0.0334698755561382	0.461791380999784	0.894091375303105	0.541891380999004	1.07412470530107	0.08009999999922	0.180033329997968
veeghootah	veeghootah	53	0.504461821122371	0.926004817617322	0.0178783241311516	0.0314285173599736	0.47869138099486	0.896021795604611	0.541891380999004	0.996088465704815	0.0632000000041444	0.100066670100205
veesahghoo	veesahghoo	101	0.460442392080727	0.97095638039933	0.0158679057240064	0.027899877730805	0.414191372001369	0.921824714299873	0.494191372003115	1.04185804769804	0.0800000000017462	0.120033333398169
veesooghah	veesooghah	41	0.464286375079376	0.987719440078519	0.0151860011858828	0.024564492816841	0.439900901998044	0.959080416294455	0.499967561998346	1.05921373969613	0.0600666600003024	0.100133323401678
veesooghoo	veesooghoo	53	0.467225264181602	0.972912764407704	0.0153546202070478	0.0301373254902465	0.439934240297589	0.941791377605114	0.499967572002788	1.04185804770532	0.0600333317051991	0.100066670100205
veetahghoo	veetahghoo	101	0.461980798898445	0.97303104746792	0.0167395410237494	0.0308728057304313	0.436021797402645	0.941791381002986	0.496121800701076	1.04185805100133	0.0601000032984302	0.100066669998341
veetahsoo	veetahsoo	116	0.461492233638032	0.930643382880058	0.0163204375748714	0.0304229630347209	0.436055132304318	0.899834231997374	0.496121799005778	0.999967572002788	0.0600666667014593	0.100133340005414
veetooghah	veetooghah	50	0.464848717860668	0.990650416062908	0.0168095004193053	0.0308850428373904	0.440352717996575	0.959147082998243	0.500452717998996	1.05924708299426	0.0601000000024214	0.100099999996019
veetooghee	veetooghee	63	0.46367261028436	0.960940911017237	0.0182910615939803	0.0330937175359027	0.420319384698814	0.892080255602195	0.500452717998996	1.03218025570095	0.0801333333001821	0.140100000098755
veetoosah	veetoosah	115	0.465908858234953	0.924583769426315	0.0182768685128006	0.0322283594579423	0.440386048001528	0.874124705303984	0.50045271970157	0.994191372003115	0.0600666717000422	0.120066666699131
veetootah	veetootah	40	0.463929294218581	0.918625217118134	0.0167079031195574	0.0265388626064528	0.420386051300738	0.875955132301897	0.500452713000413	0.996088455700374	0.080066661699675	0.120133323398477
voogheeghoo	voogheeghoo	55	0.515795173677636	0.987746228634315	0.0170418655065838	0.029863074613787	0.484606801699556	0.954251260300225	0.544673468299152	1.05431792699528	0.0600666665995959	0.100066666695056
voogheesah	voogheesah	41	0.50929164975109	0.936164584009475	0.0147934092281866	0.025869807794402	0.484640135000518	0.906484584702412	0.544673463402432	1.00661790800223	0.0600333284019143	0.100133323299815
voogheetah	voogheetah	110	0.5133667305615	0.940675920454545	0.0171103611557412	0.0296936969503087	0.484540134995768	0.897081678296672	0.544673468401015	1.00854834500205	0.060133333405247	0.111466666705383
voosahghee	voosahghee	42	0.469783790692894	0.973455581502959	0.0180727387833601	0.0278462357833807	0.41515125130536	0.91310680170136	0.506651246301772	1.04464012500102	0.0914999949964113	0.131533323299664
voosahtah	voosahtah	45	0.476689028586487	0.940807603213438	0.0266761182583012	0.0319704046367262	0.446584586396057	0.908481678299722	0.62658458470105	1.06841501170129	0.179999998304993	0.159933333401568
voosahtoo	voosahtoo	59	0.474422437719469	0.947165704564112	0.016406656420145	0.0308755247990188	0.446517917996971	0.912745930691017	0.506651251402218	1.01287926729856	0.060133333405247	0.100133336607541
voosahvah	voosahvah	52	0.47532391789362	0.944761849136194	0.0165949856178006	0.0288169175530618	0.443417918002524	0.909407182698487	0.506651251293079	1.00944051599799	0.0632333332905546	0.100033333299507
vooseetah	vooseetah	100	0.47556787418429	0.944195283575383	0.0169144546713455	0.0323464672960665	0.446000520300004	0.908415011697798	0.506100520404289	1.02851501169789	0.0601000001042848	0.120100000000093
vooseetoo	vooseetoo	59	0.473145922463651	0.944676390094675	0.0164397023196322	0.0299418139784718	0.446067187003791	0.912779264006531	0.506100520295149	1.01287926400255	0.0600333332913578	0.100099999996019
voosooghee	voosooghee	51	0.481359451196049	0.982797277581762	0.0166135642893217	0.0356605914601958	0.452327451304882	0.944506801701209	0.512427451300027	1.11124013500375	0.0600999999951455	0.166733333302545
vootahghee	vootahghee	59	0.475831960762703	0.979875253934629	0.0189444494510094	0.0322564727822231	0.417081678300747	0.913140135002322	0.508548346697353	1.04464013830147	0.0914666683966061	0.131500003299152
vootahsee	vootahsee	49	0.475618412890972	0.937858158951428	0.0163483595640541	0.0294906716223654	0.448515010000847	0.906033850398671	0.508548345002055	1.00606718700146	0.0600333350012079	0.100033336602792
vootahvee	vootahvee	57	0.47413465440403	0.94521821242701	0.0164839533239856	0.0339971124025141	0.427181678402121	0.891026545999921	0.508615011698566	1.07232654599648	0.0814333332964452	0.181299999996554
vooteeghah	vooteeghah	56	0.474059648797038	1.00666393191053	0.0181375784906474	0.032487753425654	0.445465005999722	0.971540295700834	0.505598339303106	1.07167363229382	0.0601333333033836	0.10013333659299
vooteesah	vooteesah	56	0.473526910703259	0.942231608359357	0.0221061127870319	0.033990609695986	0.425531672699435	0.886517917999299	0.554098339300253	1.01511791800294	0.128566666600818	0.128600000003644
voovahsah	voovahsah	59	0.473203159569462	0.941334866929044	0.0185087546712779	0.031415135059564	0.449340516002849	0.906517918003374	0.50947384940082	1.0251179179977	0.060133333397971	0.118599999994331
voovahsee	voovahsee	40	0.475299682338118	0.934393019667368	0.0128297147730994	0.0237528796188148	0.449407184300071	0.905967186998168	0.509440510999411	1.00606717699702	0.0600333266993403	0.100099989998853
vooveevah	vooveevah	45	0.479308363612952	0.939462484566568	0.0160564433730249	0.0253426082341848	0.452359879396681	0.90927385269606	0.512426540997694	1.00940717269987	0.060066661601013	0.100133320003806
